---
startPose:
  x: -60.0
  y: -48.0
  heading: 0.0
startTangent: 0.0
waypoints:
- position:
    x: 0.0
    y: -36.0
  heading: 3.141592653589793
  tangent: 3.141592653589793
  interpolationType: "SPLINE"
- position:
    x: -20.0
    y: -36.0
  heading: 3.141592653589793
  tangent: 3.141592653589793
  interpolationType: "SPLINE"
resolution: 0.25
version: 1
